initial 
[1,1,1,1,1,1,1,1,1,1,1,1,1], 
[1,2,2,2,2,2,1,2,2,2,2,2,1], 
[1,2,1,1,1,2,1,2,1,1,1,2,1], 
[1,2,1,2,2,2,2,2,2,2,1,2,1], 
[1,2,2,2,1,1,5,1,1,2,2,2,1], 		//pacman: x-6, y-4
[1,2,1,2,2,2,2,2,2,2,1,2,1], 
[1,2,1,1,2,2,1,2,2,1,1,2,1], 
[1,2,2,2,2,2,1,2,2,2,2,2,1], 
[1,1,1,1,1,1,1,1,1,1,1,1,1]

new layout
[1,1,1,1,1,1,1,1,1,1,1,1,1,1,1,1,1,1,1,1],
[1,2,2,2,2,1,2,2,2,2,2,2,2,2,1,2,2,2,2,1],
[1,2,1,1,2,1,2,1,1,1,1,1,1,2,1,2,1,1,2,1],
[1,2,1,2,2,2,2,2,2,2,2,2,2,2,2,2,2,1,2,1],
[1,2,1,2,1,1,2,1,1,3,3,1,1,2,1,1,2,1,2,1],  
[1,2,2,2,2,2,2,1,3,3,3,3,1,2,2,2,2,2,2,1],  // potential ghosts
[1,2,1,2,1,1,2,1,1,1,1,1,1,2,1,1,2,1,2,1], 	//pacman: x-10, y-7
[1,2,1,2,2,2,2,2,2,2,5,2,2,2,2,2,2,1,2,1],
[1,2,1,1,2,1,2,1,1,1,1,1,1,2,1,2,1,1,2,1],
[1,2,2,2,2,1,2,2,2,2,2,2,2,2,1,2,2,2,2,1],
[1,1,1,1,1,1,1,1,1,1,1,1,1,1,1,1,1,1,1,1]